[SETTINGS]
#cell_size(width)	cell_size(height)	num_col_cells	num_row_cells
100	100	30	30

[ENEMIES]
#=============KOOPA
10	1056	310	3	10	3	0
10	1984	320	3	19	3	0

10	1872	394	3	18	3	4


[OBJECTS]
#============BOOMERANG BRO
39	2128	384	336	21	3
39	2128	384	336	21	3

38	2128	384	335	21	3

#========PIPE							
8	1936	384	83	19	3	0
8	1936	368	83	19	3	0
8	1936	352	83	19	3	0
8	1951	384	84	19	3	0
8	1951	368	84	19	3	0
8	1951	352	84	19	3	0
8	1936	336	81	19	3	4
8	1951	336	82	19	3	4

8	2192	400	83	21	4	0
8	2192	384	81	21	3	0
8	2208	400	84	22	4	0
8	2208	384	82	22	3	0

#=========== BRICK				0	0		
3	224	352	4	2	3
3	240	352	4	2	3
3	256	352	4	2	3
3	272	352	4	2	3

3	224	352	4	2	3
3	240	352	4	2	3
3	256	352	4	2	3
3	272	352	4	2	3
#===== HANG 2				0	0		
3	384	336	4	3	3
3	400	336	4	4	3
3	416	336	4	4	3
3	432	336	4	4	3
3	448	336	4	4	3
#===== HANG 3				0	0		
3	608	288	4	6	2
3	624	288	4	6	2
4	640	288	6	6	2	1
3	656	288	4	6	2
#===== HANG 4				0	0		
3	640	368	4	6	3
3	656	368	4	6	3
#===== HANG 5				0	0		
3	752	320	4	7	3
#3	752	336	4	7	3
3	752	352	4	7	3
3	752	368	4	7	3
3	768	368	4	7	3
3	784	368	4	7	3
3	800	368	4	8	3
#===== HANG 6				0	0		
3	864	336	4	8	3
3	864	336	4	8	3
3	864	336	4	8	3
3	864	352	4	8	3
3	880	352	4	8	3
3	896	352	4	8	3
#===== HANG 7				0	0		
3	944	336	4	9	3
3	944	352	4	9	3
4	960	352	6	9	3	1
#===== HANG 8				0	0		
3	960	400	4	9	4
3	976	400	4	9	4
3	992	400	4	9	4
3	1008	400	4	10	4
#===== HANG 9				0	0		
4	1008	352	6	10	3	1
3	1024	352	4	10	3
3	1040	352	4	10	3
3	1056	352	4	10	3
3	1072	352	4	10	3
#===== HANG 10				0	0		
3	1152	384	4	11	3
3	1168	384	4	11	3
3	1184	384	4	11	3
3	1200	384	4	12	3
3	1216	384	4	12	3
#===== HANG 11				0	0		
3	1184	304	4	11	3
3	1200	304	4	12	3
3	1216	304	4	12	3
3	1232	304	4	12	3
4	1232	288	6	12	2	1
#===== HANG 12				0	0		
3	1264	368	4	12	3
3	1280	368	4	12	3
#===== HANG 13				0	0		
3	1392	304	4	13	3
3	1408	304	4	14	3
3	1424	304	4	14	3
#===== HANG 14				0	0		
4	1536	288	6	15	2	1
3	1536	304	4	15	3
#===== HANG 15				0	0		
3	1536	368	4	15	3
3	1536	384	4	15	3
3	1536	400	4	15	4
3	1552	400	4	15	4
3	1568	400	4	15	4
3	1584	400	4	15	4
#===== HANG 16				0	0		
3	1728	288	4	17	2
3	1728	304	4	17	3
3	1728	320	4	17	3
#===== HANG 17				0	0		
3	1776	368	4	17	3
3	1792	368	4	17	3
3	1808	368	4	18	3

#======= LONG WOODEN BLOCK				0	0		
37	366	320	443	3	3
37	592	304	443	5	3
37	560	352	443	5	3
37	624	400	443	6	4
37	752	336	443	7	3

37	1088	384	443	10	3
37	1200	320	443	12	3

37	1408	336	443	14	3
37	1376	352	443	13	3

37	1552	304	443	15	3

37	1776	336	443	17	3
37	1744	384	443	17	3
37	1792	416	443	17	4

#==== BRICK HILLS 1				0	0		
#===HANG 1				0	0		
13	0	352	1300	0	3	1
2	16	352	1301	0	3	1
2	32	352	1301	0	3	1
2	48	352	1301	0	3	1
2	64	352	1301	0	3	1
2	80	352	1301	0	3	1
2	96	352	1301	0	3	1
2	112	352	1301	1	3	1
2	128	352	1301	1	3	1
13	144	352	1302	1	3	1
#===HANG 2				0	0		
13	0	368	1303	0	3	1
2	16	368	1304	0	3	1
2	32	368	1304	0	3	1
2	48	368	1304	0	3	1
2	64	368	1304	0	3	1
2	80	368	1304	0	3	1
2	96	368	1304	0	3	1
2	112	368	1304	1	3	1
2	128	368	1304	1	3	1
13	144	368	1305	1	3	1
#===HANG 3				0	0		
13	0	384	1303	0	3	1
2	16	384	1304	0	3	1
2	32	384	1304	0	3	1
2	48	384	1304	0	3	1
2	64	384	1304	0	3	1
2	80	384	1304	0	3	1
2	96	384	1304	0	3	1
2	112	384	1304	1	3	1
2	128	384	1304	1	3	1
13	144	384	1305	1	3	1
#===HANG 4				0	0		
13	0	400	1303	0	4	1
2	16	400	1304	0	4	1
2	32	400	1304	0	4	1
2	48	400	1304	0	4	1
2	64	400	1304	0	4	1
2	80	400	1304	0	4	1
2	96	400	1304	0	4	1
2	112	400	1304	1	4	1
2	128	400	1304	1	4	1
13	144	400	1305	1	4	1
#===HANG 5				0	0		
13	0	416	1303	0	4	1
2	16	416	1304	0	4	1
2	32	416	1304	0	4	1
2	48	416	1304	0	4	1
2	64	416	1304	0	4	1
2	80	416	1304	0	4	1
2	96	416	1304	0	4	1
2	112	416	1304	1	4	1
2	128	416	1304	1	4	1
13	144	416	1305	1	4	1

#==== BRICK HILLS 2				0	0		
13	1968	368	1300	19	3	1
2	1984	368	1301	19	3	1
13	2000	368	1302	20	3	1

#========== ROAD 1				00		
13	1920	416	2114	19	4	1
2	1936	416	2115	19	4	1
2	1952	416	2115	19	4	1
2	1968	416	2115	19	4	1
2	1984	416	2115	19	4	1
2	2000	416	2115	20	4	1
2	2016	416	2115	20	4	1
13	2032	416	2116	20	4	1

13	1920	400	2111	19	4	1
2	1936	400	2112	19	4	1
2	1952	400	2112	19	4	1
2	1968	400	2112	19	4	1
2	1984	400	2112	19	4	1
2	2000	400	2112	20	4	1
2	2016	400	2112	20	4	1
13	2032	400	2113	20	4	1
#========== ROAD 2				00		
13	2064	416	13	20	4	1
2	2080	416	11	20	4	1
2	2096	416	11	20	4	1
2	2112	416	11	21	4	1
2	2128	416	11	21	4	1
2	2144	416	11	21	4	1
2	2160	416	11	21	4	1
2	2176	416	11	21	4	1
2	2192	416	11	21	4	1
2	2208	416	11	22	4	1
2	2224	416	11	22	4	1
2	2240	416	11	22	4	1
2	2256	416	11	22	4	1
2	2272	416	11	22	4	1
2	2288	416	11	22	4	1
2	2304	416	11	23	4	1
2	2320	416	11	23	4	1
2	2336	416	11	23	4	1
2	2352	416	11	23	4	1
2	2368	416	11	23	4	1
2	2384	416	11	23	4	1
2	2400	416	11	24	4	1
2	2416	416	11	24	4	1
2	2432	416	11	24	4	1
2	2448	416	11	24	4	1
2	2464	416	11	24	4	1
2	2480	416	11	24	4	1
2	2496	416	11	24	4	1
2	2512	416	11	25	4	1
2	2528	416	11	25	4	1
13	2544	416	15	25	4	1

#=========WOODEN BLOCK			0	0		
7	2032	384	91	20	3
7	2032	368	91	20	3
7	2032	352	91	20	3
7	2032	336	91	20	3
7	2032	320	91	20	3
7	2032	304	91	20	3
7	2032	288	91	20	2
7	2032	272	91	20	2
7	2032	256	91	20	2
7	2032	240	91	20	2
7	2032	224	91	20	2

#========PIPE				0	0		
8	1936	384	83	19	3	0
8	1936	368	83	19	3	0
8	1936	352	83	19	3	0
8	1951	384	84	19	3	0
8	1951	368	84	19	3	0
8	1951	352	84	19	3	0
8	1936	336	81	19	3	1
8	1951	336	82	19	3	1

8	2192	400	83	21	4	0
8	2192	384	81	21	3	1
8	2208	400	84	22	4	0
8	2208	384	82	22	3	1

[ITEM_QUESTION_OBJECTS]
18	640	288	211	6	2	0	0
19	960	352	221	9	3	0	0
11	1008	352	201	10	3	0	10
18	1232	288	211	12	2	0	0
11	1536	288	201	15	2	0	10

11	369	304	201	3	3	2	1
11	417	272	201	4	2	2	1
11	433	272	201	4	2	2	1
11	449	272	201	4	2	2	1
11	769	304	201	7	3	2	1
11	785	304	201	7	3	2	1
11	801	304	201	8	3	2	1
11	849	272	201	8	2	2	1
11	865	272	201	8	2	2	1
11	881	272	201	8	2	2	1
11	1329	288	201	13	2	2	1
11	1345	288	201	13	2	2	1
11	1361	288	201	13	2	2	1
11	1505	272	201	15	2	2	1
11	1505	288	201	15	2	2	1
11	1505	304	201	15	3	2	1
11	1505	320	201	15	3	2	1
11	1505	336	201	15	3	2	1
11	1505	352	201	15	3	2	1
11	1505	368	201	15	3	2	1
11	1505	384	201	15	3	2	1
11	1889	304	201	18	3	2	1
11	1905	304	201	19	3	2	1
11	1921	304	201	19	3	2	1







