# id	file_path	transparent_color_r	g	b
[TEXTURES]
0	Textures\tiles-4.png	255	255	255
1	Textures\mario.png	255	255	255
2	Textures\tiles.png	255	128	192
# id	left	top	right	bottom	texture_id
[SPRITES]
# SMALL MARIO 
# idle small right
10001	217	89	229	104	1
# walk
10002	217	89	229	104	1		
10003	256	89	271	105	1
# idle small left
10011	177	89	189	104	1
#walk
10012	177	89	189	104	1
10013	135	89	150	105	1
# die 
10099	215	120	231	136	1

# BIG MARIO
# idle right
10021	216	243	230	270	1
# walk
10022	255	243	271	270	1
10023	295	244	311	270	1
# idle left
10031	176	243	190	270	1
# walk
10032	135	243	151	270	1
10033	95	244	111	270	1

# TAIL MARIO
# idle right
10034	212	443	233	471	1
# walk
10035	236	443	259	471	1
10036	262	443	284	471	1
10037	291	443	314	470	1
# idle left
10038	173	443	194	471	1
# walk
10039	147	443	170	471	1
10040	122	443	144	471	1
10041	92	443	115	470	1

# FIRE MARIO
# idle right
10042	216	683	230	710	1
# walk
10043	255	683	271	710	1
10044	295	684	311	710	1
# idle left
10045	176	683	190	710	1
# walk
10046	135	683	151	710	1
10047	95	684	111	710	1

#BRICK
20001	52	52	68	68	0
#ROAD
20002	18	1	34	17	0
20003	18	18	34	34	0

#BACKGROUND
#TREE
20004	137	1	153	17	2
20005	154	1	170	17	2
20006	137	18	153	34	2
20007	154	18	170	34	2
20008	137	35	153	51	2
20009	154	35	170	51	2
20010	137	52	153	68	2
#SMALL TREE
20011	222	205	238	221	2

						
# ani_id	sprite1_id	time1	sprite2_id	time2	...
[ANIMATIONS]
# ==== MARIO =========
#idle SMALL right
400	10001	100
#idle SMALL left
401	10011	100
#idle big right
402	10021	100
#idle big left
403	10031	100
#idle tail right
404	10034	100
#idle tail left
405	10038	100
#idle fire right
406	10042	100
#idle fire left
407	10045	100
#walk right small
500	10002	100	10003	100
#walk left small
501	10012	100	10013	100
#walk right big
502	10021	100	10022	100	10023	100
#walk left big
503	10031	100	10032	100	10033	100
#walk right tail
504	10035	100	10036	100	10037	100
# walk left tail
505	10039	100	10040	100	10041	100
#walk right fire
506	10042	100	10043	100	10044	100
# walk left fire
507	10045	100	10046	100	10047	100
#die
599	10099	100
# ==== BRICK =========
601	20001	100
# ==== ROAD =========
602	20002	100
603	20003	100
# ==========================BACKGROUND==========================
# ==== TREE =========
604	20004	100
605	20005	100
606	20006	100
607	20007	100
608	20008	100
609	20009	100
610	20010	100

# === SMALL TREE ======
611	20011	100

#
# id	ani1	ani2	ani3
#
[ANIMATION_SETS]
# MARIO
1	400	401	402	403	500	501	502	503	404	405	504	505	406	407	506	507	599
# BRICK 
2	601
#ROAD
3	602	603
# BACKGROUND
4	604	605	606	607	608	609	610	611

[OBJECTS]
# type	x	y	ani_set_id	extra_settings per object type
# type: 0 = Mario , 1 = Brick, 2 = Road, 3 = background
# MARIO
0	80.0	0	1
# BOAD 
# --- platform (hint: I created the list using Excel!) ----
2	0	149	3
2	16	149	3
2	32	149	3
2	48	149	3
2	64	149	3
2	80	149	3
2	96	149	3
2	112	149	3
2	128	149	3
2	144	149	3
2	160	149	3
2	176	149	3
2	192	149	3
2	208	149	3
2	224	149	3
2	240	149	3
2	256	149	3
2	272	149	3
2	288	149	3
2	304	149	3
2	320	149	3
2	336	149	3
2	352	149	3
2	368	149	3
2	384	149	3
2	400	149	3
2	416	149	3
2	432	149	3
2	448	149	3
2	464	149	3
2	480	149	3
2	496	149	3
2	512	149	3
2	528	149	3
2	544	149	3
2	560	149	3
2	576	149	3
2	592	149	3
2	608	149	3
2	624	133	3
2	640	133	3
2	656	133	3
2	672	133	3
2	688	133	3
2	704	133	3
2	720	133	3
2	736	133	3
2	752	133	3
2	768	133	3
2	784	133	3
2	800	133	3
2	816	133	3
2	832	133	3
2	848	133	3
2	864	133	3
2	880	133	3
2	896	133	3
2	812	133	3
2	828	133	3
2	844	133	3
2	860	133	3
2	876	133	3
2	892	133	3
2	908	133	3
2	924	133	3
2	940	133	3
2	956	133	3
2	972	133	3
2	988	133	3
2	624	149	3
2	640	149	3
2	656	149	3
2	672	149	3
2	688	149	3
2	704	149	3
2	720	149	3
2	736	149	3
2	752	149	3
2	768	149	3
2	784	149	3
2	800	149	3
2	816	149	3
2	832	149	3
2	848	149	3
2	864	149	3
2	880	149	3
2	896	149	3
2	812	149	3
2	828	149	3
2	844	149	3
2	860	149	3
2	876	149	3
2	892	149	3
2	908	149	3
2	924	149	3
2	940	149	3
2	956	149	3
2	972	149	3
2	988	149	3


2	1086	149	3
2	1084	149	3
2	1100	149	3
2	1116	149	3
2	1132	149	3
2	1148	149	3
2	1164	149	3
2	1180	149	3
2	1196	149	3
2	1212	149	3
2	1228	149	3
2	1244	149	3
2	1260	149	3
2	1276	149	3
2	1292	149	3
2	1308	149	3
2	1324	149	3
2	1340	149	3
2	1356	149	3
2	1372	149	3
2	1388	149	3
2	1404	149	3
2	1420	149	3

2	1500	149	3
2	1516	149	3
2	1532	149	3
2	1548	149	3
2	1564	149	3

2	1628	149	3
2	1644	149	3
2	1660	149	3
2	1676	149	3
2	1692	149	3
2	1708	149	3
2	1724	149	3
2	1740	149	3
2	1756	149	3
2	1772	149	3
2	1788	149	3
2	1804	149	3
2	1820	149	3
2	1836	149	3
2	1852	149	3
2	1868	149	3
2	1884	149	3
2	1900	149	3
2	1916	149	3
2	1932	149	3
2	1948	149	3
2	1964	149	3
2	1980	149	3
2	1996	149	3
2	2012	149	3
2	2028	149	3
2	2044	149	3
2	2060	149	3
2	2076	149	3
2	2092	149	3
2	2108	149	3
2	2124	149	3
2	2140	149	3
2	2156	149	3
2	2172	149	3
2	2188	149	3
2	2204	149	3

2	2236	149	3
2	2252	149	3
2	2268	149	3
2	2284	149	3
2	2300	149	3
2	2316	149	3
2	2332	149	3
2	2348	149	3
2	2364	149	3
2	2380	149	3
2	2396	149	3
2	2412	149	3
2	2428	149	3
2	2444	149	3
2	2460	149	3
2	2476	149	3
2	2492	149	3
2	2508	149	3
2	2524	149	3
2	2540	149	3
2	2556	149	3
2	2572	149	3
2	2588	149	3
2	2604	149	3
2	2620	149	3
2	2636	149	3
2	2652	149	3
2	2668	149	3
2	2684	149	3
2	2700	149	3
2	2716	149	3
2	2732	149	3
2	2748	149	3
2	2764	149	3
2	2780	149	3
2	2796	149	3

#BRICK
1	1932	133	2
1	1948	133	2
1	1964	133	2
1	1980	133	2
1	1996	133	2
1	2012	133	2
1	2028	133	2
1	1948	117	2
1	1964	117	2
1	1980	117	2
1	1996	117	2
1	2012	117	2
1	1964	101	2
1	1980	101	2
1	1996	101	2
1	2012	101	2

1	2076	133	2
1	2092	133	2
1	2076	117	2

#BACKGROUND
3	16	133	4
3	32	133	4
3	48	133	4
3	64	133	4
3	80	133	4
3	96	133	4
3	112	133	4
3	128	133	4
3	16	117	4
3	32	117	4
3	48	117	4
3	64	117	4
3	80	117	4
3	96	117	4
3	112	117	4
3	128	117	4
3	16	101	4
3	32	101	4
3	48	101	4
3	64	101	4
3	80	101	4
3	96	101	4
3	112	101	4
3	32	85	4
3	48	85	4

3	160	133	4
3	176	133	4
3	192	133	4






# --- SCENE PORTAL ----
# type	l	t	ani_set_id	r	b	scene_id
50	300	98	0	316	150	2